8

0 14 35 22 47 19 31 28
14 0 18 27 39 25 33 41
35 18 0 16 21 32 27 36
22 27 16 0 26 29 24 30
47 39 21 26 0 34 18 23
19 25 32 29 34 0 17 24
31 33 27 24 18 17 0 15
28 41 36 30 23 24 15 0

0 50 20 35 40 15 25 30
60 0 45 30 55 35 40 20
25 40 0 50 30 45 35 60
35 25 55 0 45 50 30 40
40 60 35 45 0 55 50 25
30 35 40 60 45 0 55 35
20 40 30 35 50 60 0 45
25 30 55 40 35 45 50 0

(120,480)
(220,360)
(340,420)
(460,280)
(520,520)
(640,340)
(700,480)
(820,260)